%YAML:1.0
---
camera_matrix: !!opencv-matrix
   rows: 3
   cols: 3
   dt: d
   data: [ 550.2499495823959, 0.0, 634.970638005679, 0.0, 548.8753588860187, 381.1055873002101, 0.0, 0.0, 1.0 ]
distortion: [0.0, 0.0, 0.0, 0.0, 0.0]
used_for_rec: [-0.03584706281933589, 0.0077362868057236946,-0.04587986231938219, 0.04834004050933801]
