%YAML:1.0
---
camera_matrix: !!opencv-matrix
   rows: 3
   cols: 3
   dt: d
   data: [ 373.9885942998432, 0.0, 421.041535585071, 0.0, 372.9102178108875, 250.58941752364302, 0.0, 0.0, 1.0 ]
dist_coeffs: !!opencv-matrix
   rows: 1
   cols: 4
   dt: d
   data: [-0.021121917211759614, -0.09945976264758029, 0.15295490670513467, -0.0830391892053133]
